P|11367|429000|4|3500
P|11358|350000|5|6100
A|11421|2700|2
A|11367|900|1
C|11421|27000|2|540
C|11530|1700000|8|1250
A|11358|3200|4
P|11367|560400|5|2300
P|11421|230000|3|3400
A|12213|1090|3
A|10040|6780|10
C|10001|3000000|7|10000
A|10000|800|1
P|99988|3050000|10|18000
P|11367|429000|4|3500
P|11358|350000|5|6100
A|11412|2900|3
A|11367|1900|2
C|11421|27000|3|640
C|11530|1700000|8|1250
A|11358|3200|4
P|11367|560400|5|2300
P|11421|230000|3|3400
A|12213|2090|4
A|10040|6780|10
C|10001|3000000|7|10000
A|10000|800|1
P|99999|3000000|12|38000

